The column headings are as follows:
"Line (W#)" is the line in units of wavenumber
S/N is line signal to noise
BS distinguishes different possible P/Q/R sets
ODR is "Original Data Row" helps you find the line in raw data
J Val is the g.s. J value of the line
Diff is 2B for P/R or 2delB for Q branches
P/Q/R tells you what type each branch set is -1=P, 0=Q, 1=R
gsK is the ground state K value
Set label is a label for the stitchtog output
Output file for delK_0_gsK_0
Line (W#)	S/N	BS	ODR	J Val	Diff	P/Q/R	gsK	Set Label	
New Set
516.437479224	73.0	8.0	32.0	0.0	0.0707	1.0	0.0	30.0	
516.508222165	218.0	8.0	35.0	1.0	0.0707	1.0	0.0	30.0	
516.971791198	50.0	8.0	40.0	8.0	0.0662	1.0	0.0	30.0	
516.30911809	41.0	1.0	26.0	1.0	0.07	-1.0	0.0	30.0	
516.239136009	48.0	1.0	17.0	2.0	0.07	-1.0	0.0	30.0	
515.887939049	98.0	1.0	9.0	7.0	0.0702	-1.0	0.0	30.0	
515.804322202	231.0	1.0	7.0	8.0	0.0725	-1.0	0.0	30.0	
515.70893121	57.0	1.0	6.0	9.0	0.0757	-1.0	0.0	30.0	
New Set
516.440543011	23.0	9.0	33.0	0.0	0.0677	1.0	0.0	31.0	
516.508222165	218.0	9.0	35.0	1.0	0.0677	1.0	0.0	31.0	
516.971791198	50.0	9.0	40.0	8.0	0.0662	1.0	0.0	31.0	
516.30911809	41.0	1.0	26.0	1.0	0.07	-1.0	0.0	31.0	
516.239136009	48.0	1.0	17.0	2.0	0.07	-1.0	0.0	31.0	
515.887939049	98.0	1.0	9.0	7.0	0.0702	-1.0	0.0	31.0	
515.804322202	231.0	1.0	7.0	8.0	0.0725	-1.0	0.0	31.0	
515.70893121	57.0	1.0	6.0	9.0	0.0757	-1.0	0.0	31.0	
New Set
525.254640996	11.0	22.0	283.0	0.0	0.0706	1.0	0.0	32.0	
525.325247842	25.0	22.0	286.0	1.0	0.0706	1.0	0.0	32.0	
525.463719971	140.0	22.0	291.0	3.0	0.0692	1.0	0.0	32.0	
525.528480106	25.0	22.0	300.0	4.0	0.0677	1.0	0.0	32.0	
525.599136987	84.0	22.0	301.0	5.0	0.0685	1.0	0.0	32.0	
525.716710992	16.0	22.0	307.0	7.0	0.0652	1.0	0.0	32.0	
525.105025157	32.0	27.0	276.0	1.0	0.0743	-1.0	0.0	32.0	
525.030754109	14.0	27.0	273.0	2.0	0.0743	-1.0	0.0	32.0	
524.810151161	19.0	27.0	261.0	5.0	0.0735	-1.0	0.0	32.0	
New Set
525.254640996	11.0	22.0	283.0	0.0	0.0706	1.0	0.0	33.0	
525.325247842	25.0	22.0	286.0	1.0	0.0706	1.0	0.0	33.0	
525.463719971	140.0	22.0	291.0	3.0	0.0692	1.0	0.0	33.0	
525.528480106	25.0	22.0	300.0	4.0	0.0677	1.0	0.0	33.0	
525.599136987	84.0	22.0	301.0	5.0	0.0685	1.0	0.0	33.0	
525.716710992	16.0	22.0	307.0	7.0	0.0652	1.0	0.0	33.0	
525.115131148	36.0	28.0	277.0	1.0	0.0726	-1.0	0.0	33.0	
525.042484891	15.0	28.0	274.0	2.0	0.0726	-1.0	0.0	33.0	
524.82094196	21.0	28.0	262.0	5.0	0.0738	-1.0	0.0	33.0	
